0 0.65625 0.171875 0.06875 0.028125
0 0.68984375 0.13125 0.075 0.03125
0 0.70703125 0.09765625 0.0625 0.025
0 0.6171875 0.1390625 0.04375 0.025
0 0.58828125 0.18515625 0.0453125 0.034375
0 0.55546875 0.15390625 0.03125 0.0375
0 0.5609375 0.08125 0.0734375 0.028125
0 0.51015625 0.1453125 0.0453125 0.0375
0 0.6015625 0.025 0.0515625 0.0453125
0 0.52421875 0.05078125 0.0625 0.0296875
0 0.43828125 0.0546875 0.0546875 0.034375
0 0.45078125 0.13203125 0.0609375 0.05
0 0.50859375 0.084375 0.028125 0.0328125
0 0.453125 0.08828125 0.05625 0.01875