0 0.65625 0.828125 0.06875 0.0296875
0 0.68984375 0.86875 0.075 0.03125
0 0.70703125 0.90234375 0.0625 0.025
0 0.6171875 0.8609375 0.04375 0.025
0 0.58828125 0.81484375 0.0453125 0.034375
0 0.55546875 0.84609375 0.03125 0.0375
0 0.5609375 0.91875 0.0734375 0.028125
0 0.51015625 0.8546875 0.0453125 0.0375
0 0.6015625 0.975 0.0515625 0.0453125
0 0.52421875 0.94921875 0.0625 0.0296875
0 0.43828125 0.9453125 0.0546875 0.034375
0 0.45078125 0.86796875 0.0609375 0.05
0 0.50859375 0.915625 0.028125 0.0328125
0 0.453125 0.91171875 0.05625 0.01875