0 0.828125 0.65625 0.02890625 0.06796875
0 0.86875 0.68984375 0.03125 0.07421875
0 0.90234375 0.70703125 0.02421875 0.06171875
0 0.8609375 0.6171875 0.02578125 0.04453125
0 0.81484375 0.58828125 0.03515625 0.0453125
0 0.84609375 0.55546875 0.03671875 0.03203125
0 0.91875 0.5609375 0.02734375 0.0734375
0 0.8546875 0.51015625 0.0375 0.0453125
0 0.975 0.6015625 0.0453125 0.0515625
0 0.94921875 0.52421875 0.0296875 0.06171875
0 0.9453125 0.43828125 0.034375 0.0546875
0 0.86796875 0.45078125 0.05 0.0609375
0 0.915625 0.50859375 0.0328125 0.02890625
0 0.91171875 0.453125 0.01875 0.05703125